[[54599972, 54599972], [63786641, 63786641], [57777736, 57777750], [64895969, 64895970], [63231767, 63231769]]
[[60319968, 65357589], [50751970, 50897904], [44782955, 41322645], [53127767, 53127767], [42293307, 47222370]]
[[42550837, 45118383], [46910888, 48197131], [47645801, 51290032], [47159872, 47159872], [49718057, 49701396]]
[[39447145, 44851574], [35431966, 39832998], [46175736, 45728925], [39082810, 42014519], [38150482, 43453756]]
[[33871772, 36302836], [38390631, 38390631], [36954633, 38732370], [45765802, 47386619], [37610963, 45006773]]
[[31199887, 39998613], [34111956, 37180574], [36822802, 40931761], [33456244, 33300686], [36850353, 40112501]]
[[33626497, 34404267], [25445115, 29685074], [32301003, 40365057], [31199689, 33662860], [36860115, 36860115]]
[[28478163, 32277684], [34563521, 38761507], [35221288, 36738110], [37411623, 36930959], [35064231, 37565713]]
[[29119781, 31966387], [37829320, 38563395], [35032271, 38149318], [32202087, 33457281], [33878310, 34021607]]
[[25514410, 36783674], [30167770, 32020450], [30348138, 35583501], [28487576, 42709381], [33243429, 35141977]]
