[[14856994, 15751737], [10102834, 13153931], [15715398, 15683466], [19759803, 18529415], [10400000, 15045401]]
[[28789116, 31357385], [20205694, 26462443], [31430894, 31421629], [29785303, 31474888], [20800000, 29479468]]
[[39447145, 44851574], [35431966, 39832998], [46175736, 45728925], [39082810, 42014519], [38150482, 43453756]]
[[54653753, 58661650], [47166399, 53072958], [58912945, 55775962], [49267783, 52572686], [50647731, 54375459]]
[[71062123, 73189438], [56721103, 66911512], [68408405, 68408405], [61800059, 63742720], [58759700, 64633128]]
[[83199769, 83199767], [70052662, 76741766], [76960612, 76960613], [69529854, 69305840], [74918576, 76383917]]
[[83199763, 83199763], [76213662, 83199737], [83199342, 83199342], [74997348, 75074380], [83199525, 83199539]]
[[83199780, 83199780], [83199672, 83199748], [83199363, 83199363], [83199168, 83199166], [83199558, 83199574]]
[[83199782, 83199782], [83199747, 83199783], [83199372, 83199372], [83199168, 83199168], [83199580, 83199580]]
[[83199784, 83199784], [83199784, 83199786], [83199374, 83199374], [83199168, 83199168], [83199579, 83199580]]
