[[17888946, 18144660.0], [16028286, 16640000.0], [15893061, 17192480.0], [21939103, 22036739.0], [17578788, 17600000.0], [16783752, 17108000.0], [16099940, 17840000.0], [17606216, 17850175.0], [18188924, 19001080.0], [18294977, 19699720.0], [22072219, 22119020.0], [18423062, 19206796.0], [19016952, 19017140.0], [17785648, 17828560.0], [15996502, 16640000.0], [16452420, 17802700.0], [27887184, 27931416.0], [17461126, 17888000.000000004], [13989853, 16752420.0], [19885209, 19924200.0]]
[[36024025, 36289356.0], [32030110, 33280000.00000001], [31829913, 34385000.0], [37738921, 38119172.0], [34873964, 34929646.0], [33589308, 34216000.0], [32253002, 35605462.0], [35296109, 35543519.0], [37599839, 38002160.0], [37708768, 39399480.0], [38446006, 38586901.0], [37651012, 38413600.0], [35878371, 35879996.0], [35071438, 35179113.0], [32092984, 33280000.0], [32883963, 35605440.0], [43254984, 44571412.0], [35153913, 35776000.00000001], [28054945, 33498940.0], [39585483, 39661799.0]]
[[53749530, 53788049.0], [48077896, 49920000.0], [48744355, 51577480.0], [51836209, 53146116.0], [51117835, 51133319.0], [49368070, 50833162.0], [50599710, 51470300.0], [52979166, 53052223.0], [54049190, 54343282.0], [56109579, 56159982.0], [53369826, 53457936.0], [56150421, 56159984.0], [52515645, 52519998.0], [51099526, 51186076.0], [48337676, 49920000.0], [50051728, 53131211.0], [58760707, 59100679.0], [52091992, 52127338.0], [46594313, 50065955.0], [54165014, 54174533.0]]
[[66559849, 68540941.0], [65550846, 66560000.000000015], [67035347, 67484434.0], [66892456, 68173056.0], [67159368, 67166655.0], [66283778, 67016576.0], [65799323, 67335146.0], [68056656, 68126104.0], [68490029, 68771639.0], [66959418, 69679990.0], [68269422, 68328965.0], [70100324, 70125697.0], [68393861, 68408883.0], [67172825, 67193035.0], [65731070, 66560000.0], [68333620, 68342847.0], [70685949, 71150332.0], [67603728, 67663665.0], [66181640, 66632975.0], [68633645, 68687258.0]]
[[83200000, 83200000.00000004], [83200000, 83200000.00000003], [83200000, 83200000.00000006], [83200000, 83200000.0], [83200000, 83200000.0], [83200000, 83200000.0], [83200000, 83200000.0], [83200000, 83200000.00000003], [83200000, 83200000.0], [83200000, 83200000.0], [83200000, 83200000.0], [83200000, 83200000.0], [83200000, 83200000.0], [83200000, 83200000.00000001], [83199996, 83200000.0], [83200000, 83200000.0], [83200000, 83200000.0], [83200000, 83200000.00000001], [83200000, 83200000.00000001], [83200000, 83200000.0]]
[[83200000, 83200000.0], [83200000, 83199998.0], [83200000, 83199999.0], [83200000, 83199996.0], [83200000, 83199997.0], [83200000, 83199998.0], [83200000, 83199997.0], [83200000, 83199999.0], [83200000, 83199999.0], [83200000, 83199996.0], [83200000, 83199998.0], [83200000, 83199999.0], [83200000, 83199995.0], [83200000, 83199996.0], [83200000, 83199998.0], [83200000, 83199997.0], [83200000, 83200000.0], [83200000, 83200000.0], [83200000, 83200000.0], [83200000, 83200000.0]]
[[83200000, 83199999.0], [83200000, 83200000.0], [83200000, 83200000.0], [83200000, 83200000.0], [83200000, 83200000.0], [83200000, 83199998.0], [83200000, 83200000.0], [83200000, 83200000.0], [83200000, 83200000.0], [83200000, 83200000.0], [83200000, 83200000.0], [83200000, 83200000.0], [83200000, 83200000.0], [83200000, 83200000.0], [83200000, 83199999.0], [83200000, 83199999.0], [83200000, 83200000.0], [83200000, 83200000.0], [83200000, 83200000.0], [83200000, 83200000.0]]
[[83200000, 83199999.0], [83200000, 83200000.0], [83200000, 83199999.0], [83200000, 83200000.0], [83200000, 83200000.0], [83200000, 83200000.0], [83200000, 83199999.0], [83200000, 83200000.0], [83200000, 83200000.0], [83200000, 83199998.0], [83200000, 83200000.0], [83200000, 83200000.0], [83200000, 83200000.0], [83200000, 83200000.0], [83200000, 83199999.0], [83200000, 83200000.0], [83200000, 83200000.0], [83200000, 83200000.0], [83200000, 83200000.0], [83200000, 83200000.0]]
[[83200000, 83200000.0], [83200000, 83200000.0], [83200000, 83200000.0], [83200000, 83200000.0], [83200000, 83200000.0], [83200000, 83200000.0], [83200000, 83200000.0], [83200000, 83200000.0], [83200000, 83200000.0], [83200000, 83200000.0], [83200000, 83200000.0], [83200000, 83200000.0], [83200000, 83199999.0], [83200000, 83200000.0], [83200000, 83200000.0], [83200000, 83200000.0], [83200000, 83200000.0], [83200000, 83200000.0], [83200000, 83200000.0], [83200000, 83200000.0]]
[[83200000, 83200000.0], [83200000, 83200000.0], [83200000, 83200000.0], [83200000, 83200000.0], [83200000, 83200000.0], [83200000, 83200000.0], [83200000, 83200000.0], [83200000, 83200000.0], [83200000, 83200000.0], [83200000, 83200000.0], [83200000, 83200000.0], [83200000, 83200000.0], [83200000, 83200000.0], [83200000, 83200000.0], [83200000, 83200000.0], [83200000, 83200000.0], [83200000, 83200000.0], [83200000, 83200000.0], [83200000, 83200000.0], [83200000, 83200000.0]]
