[[17888901, 18144623.0], [16028249, 16639960.0], [15893010, 17192444.0], [21939036, 22036687.0], [17578732, 17599947.0], [16783681, 17107946.0], [16099881, 17839945.0], [17606161, 17850128.0], [18188871, 19001026.0], [18294933, 19699684.0], [22072149, 22118957.0], [18423015, 19206749.0], [19016907, 19017088.0], [17785580, 17828517.0], [15996440, 16639960.0], [16452371, 17802671.0], [27887109, 27931348.0], [17461074, 17887946.0], [13989822, 16752383.0], [19885157, 19924151.0]]
[[36023982, 36289305.0], [32030052, 33279960.0], [31829876, 34384948.0], [37738868, 38119137.0], [34873916, 34929607.0], [33589259, 34215944.0], [32252963, 35605416.0], [35296069, 35543475.0], [37599793, 38002106.0], [37708725, 39399432.0], [38445962, 38586866.0], [37650959, 38413555.0], [35878318, 35879959.0], [35071396, 35179079.0], [32092941, 33279960.0], [32883907, 35605407.0], [43254931, 44571374.0], [35153871, 35775949.0], [28054901, 33498897.0], [39585424, 39661767.0]]
[[53749471, 53788015.0], [48077835, 49919956.000000015], [48744308, 51577444.0], [51836152, 53146074.0], [51117785, 51133281.0], [49368018, 50833114.0], [50599633, 51470257.0], [52979118, 53052182.0], [54049118, 54343244.0], [56109532, 56159943.0], [53369784, 53457893.0], [56150377, 56159945.0], [52515606, 52519952.0], [51099500, 51186034.0], [48337628, 49919956.0], [50051663, 53131170.0], [58760629, 59100648.0], [52091924, 52127296.0], [46594268, 50065914.0], [54164960, 54174494.0]]
[[66559802, 68540899.0], [65550787, 66559952.000000015], [67035293, 67484390.0], [66892409, 68173010.0], [67159312, 67166608.0], [66283725, 67016528.0], [65799280, 67335103.0], [68056598, 68126062.0], [68489969, 68771595.0], [66959366, 69679949.0], [68269369, 68328921.0], [70100238, 70125663.0], [68393811, 68408842.0], [67172776, 67192989.0], [65731011, 66559952.0], [68333572, 68342804.0], [70685906, 71150300.0], [67603673, 67663615.0], [66181584, 66632925.0], [68633595, 68687214.0]]
[[83199964, 83199966.0], [83199960, 83199964.00000003], [83199964, 83199958.0], [83199960, 83199967.0], [83199960, 83199957.0], [83199964, 83199964.00000001], [83199964, 83199965.0], [83199964, 83199965.0], [83199960, 83199968.0], [83199964, 83199969.0], [83199964, 83199966.0], [83199964, 83199970.0], [83199964, 83199963.0], [83199964, 83199965.0], [83199952, 83199964.0], [83199964, 83199966.0], [83199964, 83199972.0], [83199964, 83199965.0], [83199964, 83199964.0], [83199960, 83199966.0]]
[[83200000, 83199999.0], [83200000, 83199998.0], [83200000, 83199997.0], [83200000, 83199997.0], [83200000, 83200000.0], [83200000, 83199999.0], [83200000, 83199998.0], [83200000, 83199997.0], [83200000, 83199999.0], [83200000, 83200000.0], [83200000, 83199999.0], [83200000, 83199998.0], [83200000, 83200000.0], [83200000, 83200000.0], [83200000, 83199997.0], [83200000, 83200000.0], [83200000, 83199999.0], [83200000, 83200000.0], [83200000, 83200000.0], [83200000, 83200000.0]]
[[83200000, 83199999.0], [83200000, 83199998.0], [83200000, 83200000.0], [83200000, 83200000.0], [83200000, 83200000.0], [83200000, 83200000.0], [83200000, 83200000.0], [83200000, 83200000.0], [83200000, 83200000.0], [83200000, 83199998.0], [83200000, 83200000.0], [83200000, 83200000.0], [83200000, 83200000.0], [83200000, 83200000.0], [83200000, 83200000.0], [83200000, 83200000.0], [83200000, 83200000.0], [83200000, 83200000.0], [83200000, 83200000.0], [83200000, 83200000.0]]
[[83200000, 83200000.0], [83200000, 83200000.0], [83200000, 83199999.0], [83200000, 83199999.0], [83200000, 83200000.0], [83200000, 83200000.0], [83200000, 83200000.0], [83200000, 83200000.0], [83200000, 83200000.0], [83200000, 83200000.0], [83200000, 83200000.0], [83200000, 83200000.0], [83200000, 83200000.0], [83200000, 83200000.0], [83200000, 83200000.0], [83200000, 83200000.0], [83200000, 83200000.0], [83200000, 83200000.0], [83200000, 83200000.0], [83200000, 83200000.0]]
[[83200000, 83200000.0], [83200000, 83200000.0], [83200000, 83200000.0], [83200000, 83200000.0], [83200000, 83200000.0], [83200000, 83200000.0], [83200000, 83200000.0], [83200000, 83200000.0], [83200000, 83200000.0], [83200000, 83200000.0], [83200000, 83200000.0], [83200000, 83200000.0], [83200000, 83200000.0], [83200000, 83200000.0], [83200000, 83200000.0], [83200000, 83200000.0], [83200000, 83199999.0], [83200000, 83200000.0], [83200000, 83200000.0], [83200000, 83200000.0]]
[[83200000, 83200000.0], [83200000, 83200000.0], [83200000, 83200000.0], [83200000, 83200000.0], [83200000, 83200000.0], [83200000, 83200000.0], [83200000, 83200000.0], [83200000, 83200000.0], [83200000, 83200000.0], [83200000, 83200000.0], [83200000, 83200000.0], [83200000, 83200000.0], [83200000, 83200000.0], [83200000, 83200000.0], [83200000, 83200000.0], [83200000, 83200000.0], [83200000, 83200000.0], [83200000, 83200000.0], [83200000, 83200000.0], [83200000, 83200000.0]]
