[[14856965, 16169846], [10102804, 13398505], [15715359, 15715373], [19759757, 18905046], [10399955, 14945475]]
[[28830620, 31702528], [20205663, 27203646], [31430846, 31482063], [29737163, 31216819], [20799951, 29635629]]
[[39641361, 44861767], [35404139, 39716433], [46107415, 45141562], [38787027, 42340155], [38393334, 43982991]]
[[54912712, 58171903], [47532280, 54531378], [58831439, 56161389], [51390491, 52409808], [49861070, 53361195]]
[[70008760, 72531293], [57663904, 66999377], [68429568, 68429567], [59821155, 62568355], [61082940, 65393383]]
[[83125673, 83199740], [68549541, 76244734], [77119952, 77119957], [68437276, 70436564], [76995937, 78413755]]
[[83199776, 83199775], [79282190, 83199643], [83199334, 83199334], [77134915, 77116639], [83199455, 83199475]]
[[83199777, 83199779], [83199630, 83199741], [83199360, 83199360], [83199165, 83199166], [83199543, 83199551]]
[[83199781, 83199781], [83199720, 83199751], [83199372, 83199372], [83199168, 83199168], [83199560, 83199567]]
[[83199783, 83199783], [83199737, 83199764], [83199374, 83199374], [83199167, 83199167], [83199577, 83199577]]
