[[14857098, 15765698], [10102823, 13086295], [15715512, 15726326], [19759938, 18864867], [10399968, 14917700]]
[[28823258, 31506035], [20205652, 26694963], [31431017, 31299921], [29785441, 31232838], [20800126, 29186813]]
[[39447205, 44469502], [35394664, 39214498], [46175807, 45531041], [38423349, 41369149], [38418913, 43091616]]
[[53661734, 57176282], [47166313, 53689916], [58946826, 55770286], [49267945, 52370309], [50647745, 54424299]]
[[72081907, 73952631], [56666293, 66889372], [68408521, 68408524], [61557962, 63588782], [58944699, 64765353]]
[[83199452, 83199451], [68936501, 76777726], [76795213, 76795215], [69530057, 69813646], [74307967, 76501154]]
[[83199469, 83199469], [76232970, 83199401], [83199368, 83199367], [73967749, 74238810], [83199408, 83199407]]
[[83199486, 83199486], [83199386, 83199446], [83199429, 83199429], [83199352, 83199381], [83199441, 83199441]]
[[83199489, 83199489], [83199424, 83199461], [83199470, 83199470], [83199398, 83199412], [83199455, 83199456]]
[[83199490, 83199490], [83199464, 83199466], [83199474, 83199474], [83199439, 83199439], [83199458, 83199458]]
