[[17890705, 18144660.0], [15965041, 16640000.0], [15921937, 17192480.0], [21945617, 22036740.0], [17577857, 17600000.0], [16734131, 17108000.0], [16147114, 17840000.0], [17579700, 17850174.0], [18207310, 19001080.0], [18293168, 19699720.0], [22094279, 22119020.0], [18416620, 19206793.0], [19017097, 19017140.0], [17760510, 17828560.0], [15996917, 16640000.0], [16461897, 17802700.0], [27839006, 27931418.0], [17456337, 17888000.0], [14023950, 16752420.0], [19912686, 19924200.0]]
[[36031213, 36289356.0], [32044647, 33280000.000000004], [31811586, 34385000.0], [37747318, 38119136.0], [34921567, 34929634.0], [33599121, 34216000.0], [32238480, 35605444.0], [35275434, 35543516.0], [37569320, 38002160.0], [37720819, 39399480.0], [38363041, 38586862.0], [37633432, 38413598.0], [35878538, 35879980.0], [35038621, 35179099.0], [32102823, 33280000.0], [32916496, 35605440.0], [43251643, 44571350.0], [35167198, 35776000.00000001], [28071080, 33498938.0], [39568020, 39661749.0]]
[[53751265, 53788027.0], [48091037, 49920000.00000001], [48751747, 51577480.0], [51852079, 53146072.0], [51030922, 51133311.0], [49377458, 50833152.0], [50615269, 51470281.0], [52982848, 53052183.0], [54058326, 54343229.0], [56130069, 56159906.0], [53398642, 53457888.0], [56154362, 56159935.0], [52514894, 52519980.0], [51061746, 51186059.0], [48289890, 49920000.0], [50054972, 53131189.0], [58726051, 59100569.0], [52052872, 52127310.0], [46626156, 50065952.0], [54161348, 54174482.0]]
[[66559595, 68540896.0], [65525973, 66560000.00000002], [67051497, 67484413.0], [66884647, 68173016.0], [67097018, 67166641.0], [66270225, 67016562.0], [65869604, 67335126.0], [68045460, 68126067.0], [68494704, 68771587.0], [66982562, 69679909.0], [68283722, 68328916.0], [70102260, 70125616.0], [68406971, 68408837.0], [67139406, 67193017.0], [65680798, 66560000.0], [68331143, 68342800.0], [70714509, 71150223.0], [67633921, 67663634.0], [66181302, 66632975.0], [68593576, 68687207.0]]
[[83199600, 83199598.0], [83199556, 83199592.0], [83199600, 83199594.0], [83199556, 83199594.0], [83199556, 83199595.0], [83199600, 83199595.0], [83199600, 83199594.0], [83199600, 83199595.0], [83199556, 83199594.0], [83199600, 83199596.0], [83199600, 83199591.0], [83199600, 83199596.0], [83199600, 83199598.0], [83199600, 83199593.0], [83199552, 83199594.0], [83199600, 83199597.0], [83199600, 83199598.0], [83199600, 83199595.0], [83199600, 83199591.0], [83199556, 83199593.0]]
[[83199600, 83199600.0], [83199592, 83199598.0], [83199600, 83199600.0], [83199592, 83199597.0], [83199592, 83199598.0], [83199600, 83199597.0], [83199600, 83199600.0], [83199600, 83199600.0], [83199592, 83199598.0], [83199600, 83199598.0], [83199600, 83199596.0], [83199600, 83199600.0], [83199600, 83199596.0], [83199600, 83199598.0], [83199592, 83199598.0], [83199600, 83199596.0], [83199600, 83199600.0], [83199600, 83199600.0], [83199600, 83199600.0], [83199592, 83199600.0]]
[[83199600, 83199599.0], [83199592, 83199599.0], [83199600, 83199599.0], [83199592, 83199598.0], [83199592, 83199596.0], [83199600, 83199600.0], [83199600, 83199598.0], [83199600, 83199600.0], [83199592, 83199600.0], [83199600, 83199600.0], [83199600, 83199599.0], [83199600, 83199600.0], [83199600, 83199599.0], [83199600, 83199600.0], [83199592, 83199596.0], [83199600, 83199600.0], [83199600, 83199599.0], [83199600, 83199600.0], [83199600, 83199600.0], [83199592, 83199600.0]]
[[83199600, 83199600.0], [83199592, 83199600.0], [83199600, 83199600.0], [83199592, 83199600.0], [83199592, 83199600.0], [83199600, 83199600.0], [83199600, 83199600.0], [83199600, 83199600.0], [83199592, 83199600.0], [83199600, 83199600.0], [83199600, 83199600.0], [83199600, 83199600.0], [83199600, 83199600.0], [83199592, 83199600.0], [83199592, 83199600.0], [83199600, 83199600.0], [83199600, 83199600.0], [83199600, 83199600.0], [83199600, 83199600.0], [83199592, 83199600.0]]
[[83199600, 83199600.0], [83199580, 83199600.0], [83199600, 83199600.0], [83199580, 83199600.0], [83199580, 83199600.0], [83199600, 83199600.0], [83199600, 83199600.0], [83199600, 83199600.0], [83199580, 83199600.0], [83199600, 83199600.0], [83199600, 83199600.0], [83199600, 83199600.0], [83199600, 83199600.0], [83199580, 83199600.0], [83199580, 83199600.0], [83199600, 83199600.0], [83199600, 83199600.0], [83199600, 83199600.0], [83199600, 83199600.0], [83199580, 83199600.0]]
[[83199600, 83199600.0], [83199600, 83199600.0], [83199600, 83199600.0], [83199600, 83199600.0], [83199600, 83199600.0], [83199600, 83199600.0], [83199600, 83199600.0], [83199600, 83199600.0], [83199600, 83199600.0], [83199600, 83199600.0], [83199600, 83199600.0], [83199600, 83199600.0], [83199600, 83199600.0], [83199600, 83199600.0], [83199600, 83199600.0], [83199600, 83199600.0], [83199600, 83199600.0], [83199600, 83199600.0], [83199600, 83199600.0], [83199600, 83199600.0]]
