[[17890648, 18144624.0], [15964998, 16639960.0], [15921893, 17192445.0], [21945556, 22036687.0], [17577805, 17599946.0], [16734084, 17107944.0], [16147066, 17839946.0], [17579653, 17850128.0], [18207260, 19001025.0], [18293103, 19699684.0], [22094224, 22118957.0], [18416565, 19206749.0], [19017050, 19017089.0], [17760460, 17828517.0], [15996859, 16639960.0], [16461855, 17802673.0], [27838929, 27931348.0], [17456278, 17887947.0], [14023920, 16752385.0], [19912631, 19924151.0]]
[[36031161, 36289305.0], [32044594, 33279960.0], [31811541, 34384950.0], [37747250, 38119096.0], [34921520, 34929593.0], [33599054, 34215942.0], [32238421, 35605400.0], [35275391, 35543474.0], [37569263, 38002104.0], [37720761, 39399432.0], [38362983, 38586823.0], [37633380, 38413556.0], [35878493, 35879939.0], [35038557, 35179064.0], [32102764, 33279960.0], [32916444, 35605408.0], [43251588, 44571310.0], [35167137, 35775950.0], [28071030, 33498894.0], [39567966, 39661717.0]]
[[53751214, 53787990.0], [48090990, 49919956.000000015], [48751688, 51577443.0], [51852015, 53146032.0], [51030850, 51133265.0], [49377396, 50833097.0], [50615209, 51470240.0], [52982774, 53052145.0], [54058270, 54343188.0], [56130003, 56159871.0], [53398581, 53457851.0], [56154291, 56159894.0], [52514827, 52519936.0], [51061689, 51186017.0], [48289834, 49919956.0], [50054923, 53131150.0], [58725977, 59100535.0], [52052812, 52127272.0], [46626095, 50065908.0], [54161278, 54174443.0]]
[[66559535, 68540852.0], [65525908, 66559952.00000002], [67051442, 67484365.0], [66884583, 68172974.0], [67096953, 67166595.0], [66270152, 67016515.0], [65869536, 67335082.0], [68045385, 68126022.0], [68494633, 68771545.0], [66982498, 69679871.0], [68283650, 68328874.0], [70102187, 70125582.0], [68406929, 68408794.0], [67139330, 67192977.0], [65680739, 66559952.0], [68331094, 68342757.0], [70714434, 71150191.0], [67633865, 67663591.0], [66181236, 66632924.0], [68593510, 68687166.0]]
[[83199600, 83199598.0], [83199524, 83199593.0], [83199600, 83199595.0], [83199524, 83199597.0], [83199524, 83199596.0], [83199600, 83199595.0], [83199600, 83199593.0], [83199600, 83199596.0], [83199524, 83199594.0], [83199600, 83199594.0], [83199600, 83199595.0], [83199600, 83199597.0], [83199600, 83199596.0], [83199600, 83199595.0], [83199504, 83199591.0], [83199600, 83199598.0], [83199600, 83199595.0], [83199600, 83199594.0], [83199600, 83199597.0], [83199524, 83199594.0]]
[[83199600, 83199600.0], [83199588, 83199599.0], [83199600, 83199598.0], [83199588, 83199598.0], [83199588, 83199598.0], [83199600, 83199600.0], [83199600, 83199599.0], [83199600, 83199600.0], [83199588, 83199595.0], [83199600, 83199599.0], [83199600, 83199599.0], [83199600, 83199600.0], [83199600, 83199593.0], [83199600, 83199600.0], [83199584, 83199598.0], [83199600, 83199598.0], [83199600, 83199600.0], [83199600, 83199600.0], [83199600, 83199600.0], [83199588, 83199600.0]]
[[83199600, 83199600.0], [83199588, 83199600.0], [83199600, 83199600.0], [83199588, 83199600.0], [83199588, 83199600.0], [83199600, 83199599.0], [83199600, 83199599.0], [83199600, 83199600.0], [83199588, 83199600.0], [83199600, 83199600.0], [83199600, 83199600.0], [83199600, 83199599.0], [83199600, 83199600.0], [83199600, 83199599.0], [83199588, 83199600.0], [83199600, 83199600.0], [83199600, 83199600.0], [83199600, 83199600.0], [83199600, 83199600.0], [83199588, 83199600.0]]
[[83199600, 83199600.0], [83199588, 83199600.0], [83199600, 83199600.0], [83199588, 83199600.0], [83199588, 83199600.0], [83199600, 83199600.0], [83199600, 83199600.0], [83199600, 83199600.0], [83199588, 83199600.0], [83199600, 83199600.0], [83199600, 83199600.0], [83199600, 83199600.0], [83199600, 83199599.0], [83199588, 83199600.0], [83199588, 83199600.0], [83199600, 83199600.0], [83199600, 83199600.0], [83199600, 83199600.0], [83199600, 83199600.0], [83199588, 83199600.0]]
[[83199600, 83199600.0], [83199584, 83199600.0], [83199600, 83199600.0], [83199584, 83199600.0], [83199584, 83199600.0], [83199600, 83199600.0], [83199600, 83199600.0], [83199600, 83199600.0], [83199584, 83199600.0], [83199600, 83199600.0], [83199600, 83199600.0], [83199600, 83199600.0], [83199600, 83199599.0], [83199584, 83199600.0], [83199584, 83199600.0], [83199600, 83199600.0], [83199600, 83199600.0], [83199600, 83199600.0], [83199600, 83199600.0], [83199584, 83199600.0]]
[[83199600, 83199600.0], [83199588, 83199600.0], [83199600, 83199600.0], [83199588, 83199600.0], [83199588, 83199600.0], [83199600, 83199600.0], [83199600, 83199600.0], [83199600, 83199600.0], [83199588, 83199600.0], [83199600, 83199600.0], [83199600, 83199600.0], [83199600, 83199600.0], [83199600, 83199600.0], [83199588, 83199600.0], [83199588, 83199600.0], [83199600, 83199599.0], [83199600, 83199600.0], [83199600, 83199600.0], [83199600, 83199600.0], [83199588, 83199600.0]]
