[[14857055, 15815088], [10102789, 13264293], [15715462, 15715416], [19759888, 19050841], [10399938, 14531945]]
[[28974392, 31982714], [20205628, 27076672], [31430905, 31409175], [29702039, 31149173], [20800058, 30071921]]
[[39641384, 44517895], [35404034, 39712369], [46107419, 45119984], [38787231, 42034810], [38693335, 43391211]]
[[55841130, 59104619], [47478023, 54607626], [58848624, 56431739], [51390575, 52664496], [49684494, 53689684]]
[[69872950, 72035118], [57105992, 66396080], [68452646, 68452645], [59821312, 62661222], [60680881, 65473707]]
[[83199386, 83199380], [68834304, 76072400], [77068239, 77068248], [69400540, 70780830], [76361263, 78359447]]
[[83199465, 83199471], [78979482, 83199274], [83199279, 83199278], [77866506, 77782756], [83199343, 83199339]]
[[83199478, 83199478], [83199317, 83199423], [83199422, 83199422], [83199163, 83199190], [83199421, 83199423]]
[[83199483, 83199483], [83199422, 83199443], [83199444, 83199444], [83199384, 83199403], [83199445, 83199447]]
[[83199489, 83199489], [83199438, 83199443], [83199464, 83199464], [83199417, 83199428], [83199451, 83199455]]
