[12480000.0, 12480000.0, 12480000.0, 12480000.0, 12480000.0]
[27733327.0, 25999993.0, 28657772.0, 31893326.0, 31200000.0]
[42062221.0, 47608881.0, 44096000.0, 42986662.0, 43679995.0]
[54599994.0, 63786660.0, 57777770.0, 64895997.0, 63231995.0]
[73215996.0, 74879997.0, 72279994.0, 77376000.0, 77999996.0]
[104462218.0, 95679993.0, 94848000.0, 96719997.0, 83199991.0]
[119808000.0, 106773327.0, 116479995.0, 117866662.0, 120177769.0]
[136091423.0, 130808884.0, 114102846.0, 115885707.0, 119253326.0]
[145599995.0, 137280000.0, 146986663.0, 120639995.0, 146431995.0]
[165013330.0, 161199995.0, 159119998.00000003, 154382215.0, 150222217.0]
