[12480000, 12480000, 12480000, 12480000, 12480000]
[27733322, 25999975, 28657756, 31893309, 31200000]
[42062201, 47608873, 44095975, 42986640, 43679774]
[54599972, 63786641, 57777736, 64895969, 63231767]
[73215978, 74879978, 72279973, 77375979, 77999967]
[104462185, 95679978, 94847776, 96719975, 83199987]
[119807906, 106773295, 116479880, 117866433, 120177744]
[136091408, 130808832, 114102835, 115885691, 119253218]
[145599947, 137279976, 146986621, 120639977, 146431961]
[165013289, 161199914, 159119951, 154382180, 150221581]
