[20800000, 32239977, 28599982, 33279974, 32447779]
[38628556, 49919972, 43911083, 51306638, 49325486]
[54599972, 63786641, 57777736, 64895969, 63231767]
[69333300, 73493311, 70719891, 74047972, 73215765]
[83199976, 83199977, 83199772, 83199969, 83199762]
[83199979, 83199981, 83199780, 83199982, 83199776]
[83199988, 83199988, 83199784, 83199988, 83199781]
[83199990, 83199990, 83199784, 83199990, 83199782]
[83199992, 83199992, 83199786, 83199992, 83199784]
[83199994, 83199992, 83199788, 83199992, 83199784]
