[20800000.0, 32240000.0, 28599998.0, 33280000.0, 32448000.0]
[38628563.0, 49919995.0, 43911105.0, 51306660.0, 49325709.0]
[54599994.0, 63786660.0, 57777770.0, 64895997.0, 63231995.0]
[69333328.0, 73493327.0, 70719994.0, 74047999.0, 73215996.0]
[83199993.0, 83199993.0, 83199999.0, 83199999.00000001, 83199997.0]
[83200000.0, 83199999.0, 83199999.0, 83199999.0, 83200000.0]
[83200000.0, 83200000.0, 83199999.0, 83200000.0, 83200000.0]
[83200000.0, 83200000.0, 83200000.0, 83200000.0, 83200000.0]
[83200000.0, 83200000.0, 83200000.0, 83200000.0, 83200000.0]
[83200000.0, 83200000.0, 83200000.0, 83200000.0, 83200000.0]
