[20799950, 32239922, 28599940, 33279903, 32447720]
[38628508, 49919917, 43911039, 51306588, 49325448]
[54599908, 63786600, 57777673, 64895931, 63231728]
[69333246, 73493274, 70719849, 74047922, 73215723]
[83199920, 83199946, 83199735, 83199927, 83199723]
[83199982, 83199983, 83199778, 83199980, 83199771]
[83199984, 83199986, 83199783, 83199986, 83199778]
[83199990, 83199989, 83199786, 83199989, 83199781]
[83199991, 83199991, 83199786, 83199991, 83199783]
[83199991, 83199992, 83199786, 83199992, 83199784]
