[20799950.0, 32239942.0, 28599957.0, 33279940.0, 32447945.0]
[38628520.0, 49919958.0, 43911069.0, 51306625.0, 49325673.0]
[54599949.0, 63786634.0, 57777732.0, 64895970.0, 63231968.0]
[69333287.0, 73493299.0, 70719957.0, 74047968.0, 73215966.0]
[83199962.0, 83199971.0, 83199970.0, 83199974.0, 83199970.0]
[83199997.0, 83199997.0, 83199997.0, 83200000.0, 83199998.0]
[83200000.0, 83200000.0, 83200000.0, 83199999.0, 83200000.0]
[83200000.0, 83200000.0, 83200000.0, 83200000.0, 83200000.0]
[83200000.0, 83200000.0, 83200000.0, 83200000.0, 83200000.0]
[83200000.0, 83200000.0, 83200000.0, 83200000.0, 83200000.0]
