[20799955, 32239913, 28599906, 33279910, 32447889]
[38628515, 49919853, 43910989, 51306512, 49325555]
[54599918, 63786437, 57777644, 64895759, 63231769]
[69333209, 73493097, 70719837, 74047750, 73215773]
[83199538, 83199518, 83199517, 83199520, 83199525]
[83199549, 83199535, 83199529, 83199537, 83199538]
[83199559, 83199545, 83199538, 83199545, 83199547]
[83199561, 83199545, 83199540, 83199547, 83199548]
[83199562, 83199546, 83199541, 83199549, 83199550]
[83199562, 83199547, 83199541, 83199550, 83199549]
