[20799985.0, 32239946.0, 28599930.0, 33279944.0, 32447932.0]
[38628549.0, 49919893.0, 43911025.0, 51306562.0, 49325606.0]
[54599956.0, 63786494.0, 57777691.0, 64895811.0, 63231833.0]
[69333259.0, 73493160.0, 70719891.0, 74047814.0, 73215832.0]
[83199595.0, 83199596.0, 83199596.0, 83199598.0, 83199595.0]
[83199599.0, 83199600.0, 83199599.0, 83199600.0, 83199600.0]
[83199600.0, 83199600.0, 83199600.0, 83199600.0, 83199600.0]
[83199599.0, 83199600.0, 83199600.0, 83199600.0, 83199600.0]
[83199600.0, 83199600.0, 83199600.0, 83199600.0, 83199600.0]
[83199600.0, 83199600.0, 83199600.0, 83199600.0, 83199600.0]
