[20799912, 32239860, 28599866, 33279857, 32447842]
[38628480, 49919822, 43910962, 51306479, 49325527]
[54599891, 63786424, 57777617, 64895739, 63231745]
[69333186, 73493074, 70719810, 74047733, 73215745]
[83199538, 83199521, 83199522, 83199525, 83199525]
[83199550, 83199537, 83199533, 83199538, 83199539]
[83199558, 83199545, 83199538, 83199548, 83199546]
[83199560, 83199544, 83199539, 83199545, 83199546]
[83199562, 83199546, 83199543, 83199548, 83199549]
[83199564, 83199546, 83199542, 83199551, 83199550]
