[20799942.0, 32239891.0, 28599891.0, 33279890.0, 32447883.0]
[38628512.0, 49919861.0, 43910996.0, 51306528.0, 49325574.0]
[54599920.0, 63786472.0, 57777659.0, 64895793.0, 63231812.0]
[69333232.0, 73493139.0, 70719863.0, 74047794.0, 73215811.0]
[83199594.0, 83199596.0, 83199595.0, 83199596.0, 83199594.0]
[83199600.0, 83199600.0, 83199599.0, 83199599.0, 83199600.0]
[83199600.0, 83199600.0, 83199600.0, 83199600.0, 83199600.0]
[83199600.0, 83199600.0, 83199600.0, 83199600.0, 83199600.0]
[83199600.0, 83199600.0, 83199600.0, 83199600.0, 83199600.0]
[83199600.0, 83199600.0, 83199600.0, 83199600.0, 83199600.0]
